3,1.325
4,3.075
5,5.65
6,9.45
7,14.1
8,20
9,31.725
10,40.7
11,44.775
12,51.5
13,85.075
14,87.975
15,90.5
16,96.175
17,107.525
18,152.6
19,136.825
20,142.6
21,173.425
22,208.875
23,311.25
24,300.275
25,220.95
26,233.95
27,253.275
28,309.575
29,305.625
30,315.325
31,329.625
32,387.775
33,407
34,416.375
35,518.075
36,738.975
37,827.95
38,875.525
39,637.8
40,696.075
41,719.125
42,746.075
43,799.775
44,864.8
45,897.075
46,967.975
47,1019.67
48,1072.3
49,1165.75
50,1224.47
51,1312.68
52,1365.78
53,1434.18
54,1504.45
55,1599.57
56,1678.03
57,1738.8
58,1825.4
59,1959.68
60,2048.05
61,2141.1
62,2220.93
63,2319.7
64,2429.82
65,2543.82
66,2662.18
67,2784.18
68,2935.38
69,3028.32
70,3135.55
71,3277.1
72,3385.82
73,3546.18
74,3694.82
75,3797.62
76,3981.6
77,4130.02
78,4263.92
79,4452.5
80,4579.38
81,4753.92
82,4939.6
83,5128.3
84,5288.65
85,5452.92
86,5646.92
87,5886.6
88,6064.88
89,6755.92
90,6452.15
91,6709.6
92,6918.3
93,7125.02
94,7297.73
95,7588.35
96,7775.6
97,7986.2
98,8246.8
99,8531.6
100,8746.85
101,9041.58
102,9259.92
103,9570.7
104,9783.2
105,10084.4
106,10365.6
107,10627.9
108,10910.5
109,11241.6
110,11517.9
111,11810.5
112,12194.7
113,12475.5
114,12892.2
115,13325.1
116,13511.2
117,13924.9
118,14240.7
119,14593.2
120,14938.7
121,15404.6
122,16047.4
123,16283.6
124,17021.6
125,16984.3
126,17310.4
127,18006.1
128,18133.7
129,18558.8
130,19039.7
131,19378.1
132,19804.8
133,20080.1
134,20493.3
135,20960.2
136,22042.4
137,21985.1
138,22359.9
139,22886.7
140,23305.7
141,23961
142,24363.1
143,24860.3
144,25354.4
145,25877.2
146,26816.7
147,26978
148,30457
149,28019.8
150,29060.3
151,30156.8
152,29797.5
153,30539.5
154,33273.9
155,31810
156,32337.2
157,32610.9
158,33196.6
159,34375.8
160,34631.1
161,35247
162,35814.8
163,36432
164,37209.4
165,37775.2
166,38882.9
167,39512.4
168,39862.2
169,40504.2
170,41198.4
171,41981.9
172,42870.9
173,43836.1
174,44065.2
175,44784.9
176,45692.7
177,46485.7
178,47603.5
179,47964.1
180,48930.1
181,50089.1
182,50202.5
183,51142.3
184,52164.6
185,53071.6
186,54533.9
187,54759.9
188,56686.4
189,56550.9
190,57073.8
191,58288.5
192,58849.2
193,59679.2
194,61451.2
195,62268.9
196,62623
197,63634.6
198,65291.8
199,66407.2
